LEA	LEA Name	State PPE	State Rank	Federal PPE	Federal Rank	Local PPE	Local Rank	Total PPE	Total Rank
10	Alamance-Burlington Schools	4256.17	112	482.52	78	1304.16	49	6042.85	106
20	Alexander County Schools	4396.78	102	378.55	100	1084.16	76	5859.49	115
30	Alleghany County Schools	6372.22	8	595.72	50	1228.36	61	8196.30	12
40	Anson County Schools	5055.75	35	858.77	18	991.6	91	6906.12	52
50	Ashe County Schools	5724.96	17	778.44	31	1003.24	89	7506.64	27
761	Asheboro City Schools	4639.66	69	411.26	95	1369.49	44	6420.41	81
111	Asheville City Schools	5042.39	38	1069.55	10	3592.29	2	9704.23	3
60	Avery County Schools	5922.43	11	1070.98	9	1517.94	27	8511.35	9
70	Beaufort County Schools	4862.30	47	853.95	19	1248.87	59	6965.12	47
80	Bertie County Schools	5685.07	19	895.26	16	873.58	106	7453.91	30
90	Bladen County Schools	5044.42	37	927.74	14	875.86	104	6848.02	56
100	Brunswick County Schools	4608.67	75	532.36	65	2057.86	13	7198.89	36
110	Buncombe County Schools	4464.60	96	485.72	76	1478.39	31	6428.71	79
120	Burke County Schools	4506.71	91	500.55	74	1043.43	82	6050.69	104
130	Cabarrus County Schools	4231.97	115	292.37	116	1422.09	38	5946.43	109
140	Caldwell County Schools	4464.92	95	372.3	101	1034.50	84	5871.72	114
150	Camden County Schools	5852.90	15	371.22	102	551.67	116	6775.79	61
160	Carteret County Schools	4656.11	67	474.84	79	2190.25	11	7321.20	34
170	Caswell County Schools	5619.07	21	559.21	60	722.41	114	6900.69	53
180	Catawba County Schools	4392.26	103	307.57	112	1249.59	58	5949.42	108
681	Chapel-Hill/Carrboro City Schools	4461.24	97	368.28	103	3971.85	1	8801.37	6
600	Charlotte-Mecklenburg County Schools	4303.43	109	420.25	93	2193.93	10	6917.61	51
190	Chatham County Schools	4618.19	74	455.4	84	2200.40	8	7273.99	35
200	Cherokee County Schools	5390.55	26	817.12	26	586.55	115	6794.22	58
220	Clay County Schools	6747.08	4	613.76	48	1099.96	75	8460.80	10
230	Cleveland County Schools	4600.10	76	538.63	64	1251.13	56	6389.86	84
821	Clinton City Schools	4782.47	55	594.87	51	1383.43	42	6760.77	62
240	Columbus County Schools	5063.18	34	662.76	41	888.26	103	6614.20	68
250	Craven County Schools	4641.38	68	833.81	23	993.78	90	6468.97	77
260	Cumberland County Schools	4369.25	106	726.61	34	1150.21	70	6246.07	90
270	Currituck County Schools	4856.97	48	356.42	107	1860.06	17	7073.45	43
280	Dare County Schools	4621.96	72	325.89	109	3027.27	3	7975.12	16
290	Davidson County Schools	4209.95	117	279.72	117	1012.83	88	5502.50	117
300	Davie County Schools	4573.41	78	296.35	114	1237.90	60	6107.66	99
310	Duplin County Schools	4784.19	53	895.12	17	893.58	102	6572.89	73
320	Durham County Schools	4564.49	81	425.48	89	2599.93	5	7589.90	23
210	Edenton-Chowan County Schools	5681.35	20	600.44	49	1429.78	36	7711.57	21
330	Edgecombe County Schools	4994.15	40	833.32	24	959.37	95	6786.84	59
861	Elkin City Schools	5233.79	30	417.78	94	1475.84	33	7127.41	39
340	Forsyth County Schools	4509.31	90	389.77	99	1965.41	15	6864.49	54
350	Franklin County Schools	4554.48	82	513.63	69	1257.21	54	6325.32	86
360	Gaston County Schools	4297.20	110	512.63	70	1180.08	65	5989.91	107
370	Gates County Schools	6168.21	10	464.22	82	1251.56	55	7883.99	19
380	Graham County Schools	6563.77	5	1246.19	5	537.23	117	8347.19	11
390	Granville County Schools	4540.55	86	405.32	96	1153.40	69	6099.27	100
400	Greene County Schools	5548.61	24	693.58	39	1109.83	74	7352.02	31
410	Guilford County Schools	4345.85	108	438.27	87	2197.35	9	6981.47	45
420	Halifax County Schools	5274.15	29	1482.41	1	773.46	110	7530.02	24
430	Harnett County Schools	4512.35	89	482.92	77	947.11	99	5942.38	111
440	Haywood County Schools	4628.01	71	559.57	59	1732.22	19	6919.80	50
450	Henderson County Schools	4476.27	93	518.69	67	1414.51	39	6409.47	83
460	Hertford County Schools	5579.07	23	821.56	25	1065.58	80	7466.21	29
181	Hickory City Schools	4543.41	84	546.09	62	1337.27	46	6426.77	80
470	Hoke County Schools	4803.08	51	654.58	43	760.25	113	6217.91	94
480	Hyde County Schools	9337.03	1	1002.03	13	2437.31	6	12776.37	1
490	Iredell-Statesville Schools	4281.37	111	318	111	1286.50	52	5885.87	112
500	Jackson County Schools	4999.43	39	625.65	47	1858.03	18	7483.11	28
510	Johnston County Schools	4410.14	100	367.87	104	1512.79	28	6290.80	88
520	Jones County Schools	7437.29	3	1176.79	7	772.42	111	9386.50	4
132	Kannapolis City Schools	4376.29	104	424.79	90	1428.23	37	6229.31	92
530	Lee County Schools	4575.23	77	509.18	71	1169.39	66	6253.80	89
540	Lenoir County Schools	4674.91	66	718.65	36	1180.89	64	6574.45	72
291	Lexington City Schools	5161.20	32	786.82	30	1939.03	16	7887.05	18
550	Lincoln County Schools	4455.95	98	335.95	108	1262.34	53	6054.24	103
560	Macon County Schools	4867.33	46	463.93	83	1345.80	45	6677.06	66
570	Madison County Schools	5893.74	14	659.02	42	1129.29	72	7682.05	22
580	Martin County Schools	5296.08	28	798.03	28	1250.10	57	7344.21	32
590	McDowell County Schools	4783.01	54	739.06	33	969.27	94	6491.34	76
610	Mitchell County Schools	5704.35	18	564.91	57	873.09	107	7142.35	37
620	Montgomery County Schools	5046.12	36	586.25	54	1477.48	32	7109.85	41
630	Moore County Schools	4553.13	83	465.98	81	1670.43	24	6689.54	65
491	Mooresville City Schools	4214.80	116	325.01	110	1675.85	22	6215.66	95
862	Mount Airy City Schools	4894.72	44	438.16	88	1627.40	25	6960.28	48
640	Nash-Rocky Mount Schools	4789.99	52	557.41	61	1062.86	81	6410.26	82
650	New Hanover County Schools	4374.60	105	543.26	63	2219.02	7	7136.88	38
182	Newton-Conover City Schools	4749.67	59	845.38	22	1435.74	35	7030.79	44
660	Northampton County Schools	5835.54	16	1159.71	8	989.64	93	7984.89	15
670	Onslow County Schools	4472.05	94	517.45	68	1066.12	79	6055.62	102
680	Orange County Schools	4736.05	62	404.81	97	2629.92	4	7770.78	20
690	Pamlico County Schools	6382.50	7	704.74	37	1081.38	77	8168.62	13
700	Pasquotank County Schools	4759.23	58	530.47	66	1305.68	48	6595.38	70
710	Pender County Schools	4621.22	73	637.68	45	1320.67	47	6579.57	71
720	Perquimans County Schools	6438.72	6	1185.05	6	1018.86	87	8642.63	8
730	Person County Schools	4541.23	85	453.3	85	1118.04	73	6112.57	98
740	Pitt County Schools	4568.37	79	560.95	58	1378.25	43	6507.57	74
750	Polk County Schools	5362.42	27	803.48	27	1729.35	20	7895.25	17
760	Randolph County Schools	4356.94	107	297.53	113	953.72	97	5608.19	116
770	Richmond County Schools	4970.79	41	647.59	44	837.92	108	6456.30	78
421	Roanoke Rapids City Schools	4817.52	49	628.67	46	1509.64	29	6955.83	49
780	Robeson County Schools	4723.61	63	720.02	35	768.14	112	6211.77	96
790	Rockingham County Schools	4804.83	50	503.1	72	1290.35	51	6598.28	69
800	Rowan-Salisbury County Schools	4409.94	101	443.27	86	1196.69	63	6049.90	105
810	Rutherford County Schools	4743.03	60	467.04	80	1022.59	85	6232.66	91
999	STATE TOTAL	4559.86	0	510.53	0	1544.92	0	6615.31	0
820	Sampson County Schools	4761.84	57	593.24	52	956.24	96	6311.32	87
830	Scotland County Schools	5084.77	33	1056.40	11	1385.72	41	7526.89	26
840	Stanly County Schools	4565.83	80	420.64	92	1144.27	71	6130.74	97
850	Stokes County Schools	4966.22	42	571.47	56	1156.69	68	6694.38	64
860	Surry County Schools	4701.87	64	489.49	75	1035.42	83	6226.78	93
870	Swain County Schools	5908.81	12	1251.12	4	874.11	105	8034.04	14
292	Thomasville City Schools	4437.42	99	850.56	20	1498.00	30	6785.98	60
880	Transylvania County Schools	4875.23	45	422.36	91	1677.89	21	6975.48	46
890	Tyrrell County Schools	9214.21	2	902.28	15	990.59	92	11107.08	2
900	Union County Schools	4251.62	113	293.07	115	1397.84	40	5942.53	110
910	Vance County Schools	4771.12	56	697.89	38	1157.51	67	6626.52	67
920	Wake County Schools	4249.35	114	367.01	105	2105.64	12	6722.00	63
930	Warren County Schools	5582.00	22	848.71	21	913.2	101	7343.91	33
940	Washington County Schools	6304.94	9	1340.05	2	1074.52	78	8719.51	7
950	Watauga County Schools	4740.62	61	398.82	98	1979.83	14	7119.27	40
960	Wayne County Schools	4530.65	88	590.29	53	948.64	98	6069.58	101
422	Weldon City Schools	5908.76	13	1254.34	3	1672.63	23	8835.73	5
241	Whiteville City Schools	5217.40	31	792.6	29	809.39	109	6819.39	57
970	Wilkes County Schools	4696.60	65	500.58	73	1298.55	50	6495.73	75
980	Wilson County Schools	4539.55	87	580.18	55	1220.12	62	6339.85	85
990	Yadkin County Schools	4495.71	92	358.92	106	1020.76	86	5875.39	113
995	Yancey County Schools	5504.11	25	671.05	40	922.02	100	7097.18	42
